100.37192384426913 0.0 100.18312413390476 1.0491535737774298
99.83833054771365 2.0913148987001895 100.0026808516918 3.142710853493604
99.97292408359476 4.190106986951693 100.0911108842986 5.2455528474187245
99.35547297516418 6.250916522061445 99.77945293195624 7.327344994986147
99.74829966778378 8.376098749520287 99.80715417867549 9.43455382068641
99.90971860579961 10.500934569671493 99.0810463658276 11.464068204302775
99.01432550012386 12.508418197691288 98.98547799285741 13.55932383571124
98.94696028294823 14.611215884189212 98.884244615783 15.661725740385332
98.23797745091542 16.615710168663067 98.13165399895581
17.656671422658263 97.95751429120251 18.68639523501793 97.64950245468334
19.689593496397364 97.63043335494153 20.75198922828061 97.57076831355121
21.8096506747007 96.8768486862496 22.72225972214346 97.31183432006097
23.902079026432922 96.68468602769009 24.824408087766116
96.66777866748966 25.902053228064364 96.70895583649316 27.00162563616631
95.58158026575147 27.769016076078156 95.93558343149064
28.964660326675528 95.70128911631707 29.990966072216363
95.22204587766335 30.939518221246246 94.74577049690869
31.885474549950246 94.23602682860167 32.81645657577827 94.2069301294817
33.91658182175751 93.32627292053758 34.70772978200676 93.30823503812925
35.81767560376925 92.77585018667388 36.73255762892548 92.65634288533394
37.81235312352082 91.99751811222303 38.67219567455893 91.5889464397823
39.6340763272236 91.152576109096 40.5837416235391 91.25217635466853
41.77850823392761 90.34907440002723 42.51504725324104 90.38151219021796
43.69213012433047 89.62160183396598 44.48854950797403 88.91839745839388
45.30618643331241 88.96596570851209 46.5102828958552 87.97208842596162
47.17021994570665 87.29473998138229 47.99068941672312 87.28911026430801
49.18488588166242 86.74660663841661 50.083176693976405 86.2010665106529
50.97916862327628 85.48719432773837 51.77288516706091 85.41347479381962
52.95859810011133 84.54962484342377 53.656823525754845 84.19240585381625
54.67518765103482 83.43344179310107 55.4330461944104 82.592280629753
56.1296559547433 82.4423205269567 57.29890542762711 81.57762911233071
57.97420340314838 80.98170404432929 58.83665197854896 80.44482010778495
59.743595888938096 79.55214511602051 60.38336468497615 79.32280275568509
61.52907285661471 78.52000554485875 62.23418952361019 77.57340750861907
62.817706801009386 77.05666671937198 63.74681862708734 76.28679076489875
64.4673364681057 75.6391746728927 65.28998416974001 75.35072643013542
66.43060136887973 74.67129942359004 67.23433999397542 73.40935406323763
67.5033614244547 72.87968990301874 68.43858422353057 71.92317115773245
68.9718413705018 71.78927264210986 70.30124977713315 70.58379880823948
70.58379880823946 70.23861362637189 71.72531071087096 68.89310040831683
71.84106084158282 68.75882805637742 73.22071494753166 67.57809042827701
73.49062124437681 67.03317943226938 74.44788798626921 66.15794002575502
75.04145284461148 65.13953015399252 75.46487201802027 64.25790363238971
76.03896047140636 63.93128474749619 77.27964795463191 63.15000595105068
77.98376278412405 62.10622490357406 78.35855437546621 61.182706837156815
78.87627037404563 60.396221130586625 79.5690828576024 59.52491553147589
80.15036675667004 59.00022713255742 81.20684592894483 57.71514172662817
81.21309392040367 56.86607162179461 81.81955429627503 56.068542381665935
82.50235473777954 55.06398587073442 82.87796135052226 54.592989862394646
84.06583235898623 53.63001738504124 84.5073851245603 52.76034087037026
85.09371861630201 51.98422871387319 85.8361640016894 50.725981059131534
85.772949720091 49.84588856534615 86.3356115435961 49.28378830032227
87.46463378079183 48.244392505727504 87.75622418709561 47.44848393062678
88.49104856469596 46.13019541037613 88.23892540486388 45.22763898817012
88.76423941737701 44.5249406428053 89.6949112997095 43.334474444793386
89.64166588224448 42.46079720149976 90.23378717167762 41.80588804608419
91.31197905115252 40.83273301058603 91.71181992078884 39.79548628761851
91.96194285063349 38.78159608665827 92.25777140837128 37.747354809210194
92.49706937812685 36.72335069054017 92.75259611477004 35.83966842671402
93.36552830068442 34.87726557357629 93.78214092611422 33.93324105763433
94.25320293723412 32.76266782233574 94.08156656867742 31.8828223836822
94.73788974430585 30.891100334749048 95.0730309454861 29.91387484456722
95.45529070973629 28.958510403261002 95.91521390241013
27.976337087692954 96.29518386834752 27.009254628856336 96.7362798179111
25.879133215330913 96.5822400154582 24.87527957121023 96.88281737435375
23.823302700083413 96.99111456971671 22.792453040438737
97.17611942597486 21.864902430604932 97.81795046032903 20.80410828238178
97.87563422614335 19.813949927840778 98.26624163011184
18.808751326424222 98.59892738462167 17.689572193137188
98.31450879347801 16.643628966858053 98.40304329761676 15.58299020252528
98.38712799436031 14.639161472360179 99.13620743559814
13.636229290939177 99.54690150764554 12.587045424324833
99.63672408706132 11.498983357677025 99.3828092190044 10.485927831497335
99.76693902954136 9.444296270725474 99.91021853461702 8.336570842248525
99.27757437457859 7.336997475665672 99.9108947082475 6.2680978654152035
99.6285626075781 5.219865911469249 99.60097494835749 4.196390011153544
100.12283249965712 3.1422887084076856 99.98924797725091
2.1033482331086177 100.412795932628 1.0452506907515688 99.81043988211032
6.097400258696365e-15 99.57810305700569 -1.0433937845612167
99.63312488455276 -2.084355305245477 99.50608302619565
-3.1344548076788925 99.73996921412974 -4.190332095933799
99.97829502119819 -5.248664436579786 100.15048354239686
-6.269531175597386 99.65134442054452 -7.342432652190768
99.98490772942161 -8.386469904540505 99.87180645892764
-9.426035547832253 99.71704026462609 -10.470996958436524
99.62488126162141 -11.463683737651511 99.07772351765362
-12.474532833089317 98.74609521973493 -13.56213861304483
99.00602636851283 -14.6561635392359 99.25134520710309 -15.58954121629088
98.42848946744574 -16.62587936760396 98.29810136533776
-17.747490631111134 98.63640593815313 -18.65748433206038
97.80595803040329 -19.80851661067431 98.23929537964293
-20.85216797921806 98.10173732293177 -21.872630722902343
97.8525248525767 -22.816137233023216 97.27709749634829
-23.798913929106817 96.89182128071374 -24.784280502947823
96.52839940343353 -25.759422684130044 96.13547423081565
-26.83077414836563 96.09703456882767 -28.01659068439781
96.43373765699775 -28.965130516205964 95.9371407743497
-29.948822551055777 95.56680897675581 -30.901616969663095
95.10539781962758 -31.909097796415814 94.815965553423 -32.92346297498558
94.54330735059368 -33.73275506985786 93.69633168347231
-34.77331872770241 93.50263628065969 -35.83871931628508
93.36305578348484 -36.9285954902346 93.27098530455662
-37.611011154349676 92.16296945068447 -38.61890591564325
91.87074678529095 -39.850872911466354 92.0899337865947
-40.63207428315506 91.26113303997404 -41.75480227751648
91.20039805509471 -42.70567438126645 90.75417766781948
-43.466457125919085 89.91468517128159 -44.67125796828601
89.98966564056063 -45.39679983361304 89.09623626976344
-46.17101250529041 88.31700130637151 -47.089654243550676
87.82183402642052 -48.128107116964095 87.54470185017747
-49.04971476803271 87.04922018363239 -49.99459077978934
86.59317133420963 -50.755641829577904 85.82310334391522
-51.63057474444378 85.25221189023512 -52.77539544200949
85.11799915471069 -53.37279707823003 84.10207077656207
-54.39641471089515 83.76313317043568 -55.27219757019689
83.19134515134785 -56.454534644098025 83.07032510420069
-56.86823917923624 81.82267300271512 -57.639817160336506
81.10710195895733 -58.83445491624614 80.97868004749756
-59.33519283898131 79.89490493451146 -60.74874652405014
80.03351791192908 -61.070996364293215 78.7322541002209
-62.19398725429309 78.46928290455672 -63.15324750606113
77.98776577118925 -64.0280351268319 77.39659907307215 -64.70692181933863
76.57030174210325 -65.46681026837584 75.84402967985172
-65.91238157095142 74.7629214514096 -66.65368869976123 74.02642082948398
-67.37495575559565 73.26971394739617 -68.3150732627286 72.74816408867002
-69.332246689705 72.2989983495855 -69.68378621708493 71.15873961461183
-70.61541545176883 70.61541545176884 -71.15476823083209
69.67989715075532 -72.48969382175113 69.5151170727063 -72.56552294810804
68.14356181560711 -73.80279849937526 67.86515212963056
-74.04532451563202 66.67070965522103 -75.12949727842329
66.23556163555757 -75.32496587928433 65.0187664145305 -76.51057838994892
64.65645167372456 -77.23824268026343 63.89703132559586
-77.81891912152571 63.01651818510514 -78.51179498355997
62.22768191291384 -79.11159691040154 61.3652448098144 -79.90919686134076
60.654381710571585 -80.64144856512291 59.889625068688005
-80.59689613047924 58.55707266402389 -81.72318547940885 58.0776449290107
-81.86287520740802 56.8961804393798 -82.46918011796123 56.04599693331851
-83.5946882200362 55.54017806432828 -84.27048361025898 54.72589193892857
-84.70195353704013 53.75349425429348 -85.2701165837623 52.86971224399669
-85.65462410349029 51.87428424351579 -86.413826430746 51.10499448926324
-86.62658080038536 50.0138797440794 -87.53207810077056 49.32179122155118
-87.4778179397316 48.0913373760396 -88.14286918518292 47.261791785356046
-88.61056845333063 46.32448570085753 -89.42828916804241
45.56598923586458 -89.63858402577665 44.496979541198904
-90.14332409478713 43.57698550008777 -90.58956810796826
42.62821500205442 -91.33429111758197 41.81610330766233
-91.22560322294717 40.61625538943096 -91.32821462747559
39.521247596775346 -91.80458546602657 38.59109425792483
-92.58919039175973 37.78494869851243 -93.22658940877348
36.91101791161844 -92.90656072719668 35.6634872820046 -93.51046397003563
34.776229819286584 -93.94067415880602 33.82072377392024
-94.83226889842003 33.024090032443794 -94.31264705228942
31.73971240671197 -95.18552837172308 30.92765296430896
-95.17813643836695 29.827019960728588 -95.850319260597
28.938917555749107 -95.58360866800513 27.76960538140908
-96.71245869799598 27.002603652670956 -96.45528268400996
25.845115100896102 -96.77650047876466 24.847982032053185
-97.16919806896138 23.867044202871785 -97.76361804983374
22.930249598633516 -97.32863271104968 21.755526955089373
-97.33808257302694 20.68984815127535 -97.90836007832587
19.741788348955186 -98.22998513896852 18.73837182903648
-98.7410142545926 17.766312638039402 -98.37989428086442
16.63971360374667 -98.83423383754206 15.653804811263457
-98.5465176189299 14.552083656210892 -98.626810628781 13.510192518295536
-98.85566588292676 12.488374826866309 -99.81497963628934
11.54898718102528 -99.57515491452725 10.465770508752678
-99.12344278561305 9.369924065547657 -99.82681275915849
8.382691678008063 -99.8958182489872 7.3358903297047355
-99.69871088597593 6.272511221008981 -100.28494137948624
5.255711073228839 -99.65694944321423 4.176863725733795
-99.66556130578229 3.132116444955432 -100.20493840573961
2.0989942386016653 -100.31817150699474 1.0505678382589048
-99.73656858792828 1.2214206947914682e-14 -100.41831493588045
-1.0516165761297944 -100.02684515864526 -2.095263716877539
-99.72599430851676 -3.13401562857714 -100.34402434743679
-4.205660696344837 -99.49227019603563 -5.214168936802551
-99.70068592550797 -6.272635479963973 -99.66144616109801
-7.318679119433447 -99.99775366245825 -8.39704598671445
-99.62869262127819 -9.417684236716747 -98.95981782244138
-10.401095974258364 -99.1631480025517 -11.473567687782323
-99.40994688703418 -12.558396801599612 -99.28697930624868
-13.600624378256057 -98.61353171946755 -14.561979437621845
-98.94294151215155 -15.671022415465437 -98.88810370807265
-16.72567079430157 -98.18054620726744 -17.66546851943699
-98.71705208839445 -18.831284818802928 -98.22165604798492
-19.804959897519975 -98.01073902497552 -20.832825693886626
-97.2995454080416 -21.74902517255099 -97.11687610981177
-22.778557646080664 -96.78266186927551 -23.7721018060294
-96.79138725622795 -24.851804306852237 -97.01068778504194
-25.99393544918972 -96.3291179109573 -26.895572981797056
-96.49525076378903 -28.03446189396169 -95.9420519766929
-28.966613295614508 -95.55493578542367 -29.945101718434838
-95.42779056491882 -31.006368722530773 -94.54622887886865
-31.818321376248598 -94.72895031457614 -32.9881106948774
-93.90944899868748 -33.809482024543584 -93.87743264292028
-34.9127042453872 -93.63360860357945 -35.9425748134968
-93.02935364041736 -36.83292674658948 -92.96011739407943
-37.936321204247044 -92.14034822332148 -38.7322359247522
-91.94037233210071 -39.786151890716035 -91.35764478644742
-40.675044081154226 -90.6643496907849 -41.509380174759585
-90.08492916951667 -42.3907499427102 -90.39182205112394
-43.69711410582574 -89.80458899751801 -44.579385124816575
-89.098243740307 -45.39782269094414 -88.54560808260024
-46.29052523973478 -88.12329553810588 -47.251296487878335
-87.96367173349878 -48.35843775944859 -87.46239949662613
-49.28252934589615 -86.8306827642351 -50.131718067850095
-85.71422802370765 -50.69125314469904 -85.29652279839078
-51.65741038430337 -84.82968729002317 -52.59663451223419
-84.31393924678316 -53.50725289797353 -84.06157481068976
-54.59022497820247 -83.2342890685762 -55.3007294405876
-82.92527341090582 -56.35595761512853 -82.4793966985211
-57.32467403814787 -81.38273232761227 -57.83569746760161
-80.58442396310205 -58.54801110400793 -79.99757200213213
-59.411440132353434 -79.88958563082699 -60.63949597641181
-79.01920053477367 -61.29357483434458 -78.23372972248806
-62.007290102732455 -77.4911259982095 -62.75107654765258
-76.73829346547645 -63.4834373657916 -76.54854761824622
-64.68853815936036 -75.8744745088626 -65.49308953983493
-74.73642842405998 -65.88902482547203 -74.29632078173509
-66.89670770832387 -73.29277341938518 -67.3961600270648
-72.91484867997707 -68.47160051272249 -72.37518328458822
-69.4053054156656 -71.3810209363828 -69.901460169578 -70.47399016054439
-70.47399016054436 -69.89092763043513 -71.37026546152941
-69.0016982669365 -71.95430564145568 -68.43706770499254
-72.87807497480189 -67.72384025419561 -73.64912298932299
-67.08956453306321 -74.51050998486078 -65.83678724104145
-74.67717651526051 -65.41250246778505 -75.78111348731115
-64.68331464060705 -76.5423664185251 -63.46808453276626
-76.71973507835833 -62.69807010601729 -77.42566849415611
-62.05302936746169 -78.29143831237485 -61.09654537736958
-78.7651916894087 -60.229212531836595 -79.34905715428654
-59.74871681344663 -80.4517154384851 -58.972933747368984
-81.16927980702297 -58.06922626635336 -81.7113392702405
-57.26911527905573 -82.3994581204457 -56.470060266276896
-83.09317036348709 -55.58610127291832 -83.66380820556633
-54.54523879256164 -83.99230215956572 -53.32504251397439
-84.02682162413255 -52.67503658166647 -84.95613688312935
-51.6156213196913 -85.2275208512181 -51.101321380640826
-86.40761554325572 -50.24634599985839 -87.02922416644003
-48.935808106023764 -86.84706842498315 -48.19702094292248
-87.67005563424011 -47.145025031687695 -87.92510010989024
-46.16590480713957 -88.30723118092286 -45.309026463295574
-88.92397133107474 -44.30820888300749 -89.25830800074395
-43.638389399348284 -90.270344161187 -42.60170333638415
-90.53322795056835 -41.54368130368432 -90.73926985424002
-40.799774000806664 -91.63779277279272 -39.73784811188644
-91.82874888525825 -38.57599450732857 -91.76866457881694
-37.63739171936094 -92.2276130519226 -36.824197225348534
-93.00730538657562 -35.69305143503396 -92.98357797896024
-34.854760405896315 -93.72162635387868 -33.88688358062718
-94.12444009136887 -32.75382662097185 -94.05617809667716
-31.776441183995587 -94.42178440565368 -30.768785585689674
-94.69658485595231 -29.82407033011904 -95.16872415564598
-28.89081201006296 -95.690986006223 -28.025306965171232
-96.46373929220435 -26.795624855646743 -95.9711439486464
-25.974920380524065 -96.93972258267182 -24.8201071271448
-96.66793489204068 -23.968980663769365 -97.58420899680061
-22.9152614399906 -97.6997157093671 -21.900696806278855
-97.97808529182652 -20.85795952461566 -98.12898440178951
-19.685818158137955 -97.63077886332533 -18.734474061422983
-98.20955232558227 -17.658211247613202 -98.14021198625038
-16.624260578418 -98.28853050896531 -15.625753815159303
-98.65712681840127 -14.614339582642655 -98.96811392746696
-13.569078861334518 -99.05669141661261 -12.575103145576731
-99.54219121675877 -11.441891430618934 -98.88937811137758
-10.404379901979105 -98.99106230761797 -9.370027097559213
-99.12453275044373 -8.358981690428026 -99.5444580476182
-7.307066852454739 -99.50331717341814 -6.270700287822457
-99.66992692723338 -5.221385989301245 -99.62997976124514
-4.205310286867539 -100.33566383058397 -3.1470564804308236
-100.14096094297389 -2.100104357345276 -100.25793492106331
-1.049469538471174 -100.21329543668747 -1.833368841220127e-14
-99.80395122885443 1.0433607639943534 -99.6299717679522
2.0847221445961615 -99.52359575389522 3.1428680599515575
-100.00768324229631 4.206300912233257 -100.35929943578313
5.231518960389138 -99.82332836762671 6.301867704535601
-100.16531882984847 7.331003947350348 -99.82927838243755
8.377902004780553 -99.7697740619459 9.37146397055217 -99.13973327895548
10.464777451127947 -99.56570660236139 11.453541922838413
-98.99007037342757 12.503664444944095 -98.97669567240159
13.631701111741945 -99.5138449933459 14.608839286673014
-98.93086599607275 15.638636850041038 -98.73846709939967
16.668065371858077 -98.54751999942523 17.723562766098407
-98.50342045554717 18.676007949720386 -97.90306223476357
19.780903848866195 -98.1023513410342 20.780420012458688
-97.76418967822173 21.799650892775606 -97.52603186086998
22.860686660852696 -97.4670349511469 23.935317834316027
-97.44715850513042 24.836899182009034 -96.73333562774324
25.962832680992587 -96.89461067387387 26.83457572903513
-96.11065030078501 27.98551446493211 -96.32677260799932
28.958443566915964 -95.91499252975544 29.960723935738894
-95.60478634146305 30.76768138847911 -94.69318648637568
31.975872763485306 -95.01438335319553 32.92890259559541
-94.55892781322765 33.8346530097911 -93.97936409983079 34.7402653056569
-93.41375830718944 35.85428312707033 -93.40360089676663
36.80952472279239 -92.97024687535622 37.63490826971829
-92.22152754434065 38.79395320674694 -92.28716783542549
39.78707141706571 -91.94249723212107 40.72726471704168
-91.47493425500741 41.68849300408795 -91.05556604053429
42.65856049864219 -90.65405557078553 43.59277186254958
-90.17597975399211 44.65495661272887 -89.95682677273392
45.31540822936625 -88.9364962522088 46.42921653291055 -88.81090005814832
47.45412390176363 -88.50156706641464 48.18417753494422
-87.64669356185568 48.877782651408154 -86.74408983277371
50.08723941773311 -86.75364348238048 50.99847415248751
-86.23371037779525 51.762583210369016 -85.47018377538379
52.44936653024619 -84.5921683503471 53.73963000896826 -84.6801069821388
54.48746655971289 -83.90334072232068 55.61330405202737
-83.70475167959894 56.11564436149269 -82.5716631963813 57.16674451041484
-82.25216588758552 57.94339190683619 -81.53427312516745 58.6365507810819
-80.70628837387103 59.853880398792505 -80.59331832627875
60.491221193621264 -79.69424081857392 61.35962958975927
-79.10435781232668 62.1764254063692 -78.44712536692481 63.21414058714431
-78.06296246387147 63.66519185721103 -76.9579969043569 64.46330961018981
-76.28202562205128 65.16515910456388 -75.4945634430314 65.8887183906712
-74.7360808420064 67.16189829236913 -74.59084476319063 67.92102650765833
-73.86356142900064 68.53768538566611 -72.9852219219437 69.44310093332197
-72.41459608597755 70.11951812404264 -71.60369438805635
70.66669556684867 -70.6666955668487 71.60273353329745 -70.11857718554413
72.12917770734953 -69.1693945488832 73.08396050391198 -68.63040708587029
73.71557259927727 -67.78494380284405 74.38743127640856
-66.97874396620588 74.77613568375999 -65.9240314838754 75.87237644980796
-65.49127854383916 76.51848385526552 -64.66313230987929
77.21058727226648 -63.87415278240553 77.76639196288203
-62.97398253072634 78.23481459332346 -62.00814996076118 79.1853096241368
-61.422422251562665 79.77565680206722 -60.55301928863562
80.40865487926519 -59.71673721991484 80.53494276597047
-58.51206090995526 81.55791816493893 -57.96019556195718
82.13127052447797 -57.08272004418128 82.41345309886836
-56.00812489025091 83.43642675636568 -55.43502939926185
83.65414039914215 -54.325633977613535 84.66598049514387
-53.7306650677147 84.92929768749931 -52.658395575336584
85.62952001363222 -51.859080666282196 85.84430171009461
-50.76817850838884 86.76520811391109 -50.093916260860425
87.33878380932865 -49.2128754858156 87.9103333950873 -48.32911475976669
88.25519241518346 -47.32201897285316 88.9675316671891 -46.51110155926762
88.72393997628758 -45.20710539733467 89.26695567215131
-44.31250162437411 90.30102949685583 -43.65322327019712
90.74933651070239 -42.703396305647445 90.6022289915879
-41.48093909810183 91.58529637459985 -40.77640109845582
92.11323505435324 -39.860956270438784 92.64602496765642
-38.9448028548855 92.69475360019253 -37.828028245900285
92.61476859970395 -36.66878091694259 93.62147638614204
-35.93791769155744 93.67716408264911 -34.8382250354477 93.97321294062924
-33.832438456211364 94.65469247092044 -32.96225137775895
94.74852168445351 -31.886400426852052 95.09957616139515
-30.899725398238672 95.84468387020256 -30.035903264164602
95.6513262207359 -28.878838014865625 96.20449805294294
-27.94999042279333 96.43402472004983 -26.924863489189093
96.13827701566518 -25.760173688067137 96.89254281793536
-24.87777664070727 97.0386613984494 -23.834981321350405
97.39806760385471 -22.844510515584062 97.27754699317153
-21.74410794424576 97.7201119244296 -20.771050996666542
97.98809729630493 -19.757866192355063 97.93831504587705
-18.682732783097208 98.75999449094257 -17.769727721583763
98.34839112780894 -16.63438524424512 98.59382613025423
-15.615727971094985 99.3449544168346 -14.669986544694947
99.5312628887182 -13.634087066618273 99.09396063540059
-12.518478454833222 99.04842818651467 -11.460294152190317
99.14161961504685 -10.420204112640082 99.79591459290083
-9.433491367019839 99.45737361390196 -8.351669006214037
100.00786450087303 -7.344118492105258 99.41757735160077
-6.254823798239937 99.70901895230926 -5.22552825778125 99.52578832592208
-4.171366446155161 100.26873943451542 -3.151072081300632
100.19980189898573 -2.098886644123213 99.97870063592076
-1.0470127776570033 -39.52004220087465 54.578218589786864
-30.385373431651253 2.1677423261036473 16.82937654810211
-15.890637069267852 29.450455491838905 6.973349865771787
13.190723362617847 24.091247857839793 -59.11803147661536
-36.14726646393403 47.833652249325056 18.243276175283476
-50.70925075963405 -44.513894764310635 -2.68757159297653
51.12459265343589 -1.742877259746458 2.5207602491354253
21.08247554231525 -36.7400705246825 -16.59102424712183 49.79469461081874
8.154673252211166 0.7912358230828207 -3.2812754103296666
-27.93420083368049 -21.415461986483855 11.063589650107032
-14.851743419146421 62.79870351376494 0.9455704490043899
27.644490051274275 -42.64216157382038 -35.23434616916904
2.119979373363286 -8.100534860011273 23.534834139065406
-36.585813519629724 27.985761360276463 -44.29445687291775
-5.090868891133187 7.378140455979387 9.88059218963217 14.425358211795617
-0.5756166738474214 -0.5397138532560205 -38.85118183976011
28.489840204248765 10.388741941364147 -8.55729383403702
10.073934427929581 43.378127522634244 -9.439111163648157
1.544873706567448 -41.44954460730774 43.36577120941857 21.33537183075683
-56.62583433049685 -33.583533137092815 -0.07131275928202886
-19.613463824740215 41.67445285166632 12.896603239417745
-1.5959609531149315 -12.366344808676857 13.545171955570517
-18.115117378494908 63.397325188629665 -17.63798962991797
-11.684012045556777 -46.3887455268545 -14.114668946178568
23.684458487589996 6.7093997895943245 -23.21235024771614
27.1538389124208 55.979466115841895 7.060972634329814 19.566371186102778
66.2236177139193 -15.550231135991297 -11.259187055977272
-1.1060238134134337 -37.29222603529474 10.747299167563012
-20.29708638031116 0.30658397113019625 6.150648593089545
0.27812895537251003 -22.564503326037038 -0.30959191200399516
-0.8756179734961272 34.30104897752123 -40.07404561273282
-46.54618610314283 -43.80425882269187 -48.57339650065849
43.271730514799486 46.87818661364326 13.19138120990171
-60.15917744747859 30.299353892465405 -9.287079532918044 -9.329522869794
-11.024588938022 -0.6957417940459651 6.601753841096054
-49.691808730930276 -9.03376899281203 24.368175152103372
-5.003923831929122 1.201416924754008 -21.49923675655602
35.794771244239286 -14.001775547534168 -30.80616757037316
43.52878413724475 -18.286214173900767 24.126222034802982
61.59567860275267 11.49227232741058 11.712281824397566 9.482662074403027
-25.928732237367903 56.267504924530975 17.91479698874272
9.09086885602559 -33.67946653726058 -33.98895605996378
1.9343866762193966 6.128980312506806 -1.657923238672374
-26.3892401227856 -58.74966316793352 -27.064441875986063
8.520581637474024 -10.881753418905282 -1.1683230597839032
-24.56440536273279 -8.689494917953 5.641200069589239 -48.44891267649848
-13.42711398705614 -2.5392962031979334 6.7690482978967745
-55.989267123489235 45.645492219669585 23.87494612820564
12.714905971642857 -4.738488986411206 -9.083766085562617
10.215553721890007 43.155752860823455 0.1328131345897663
-56.71740229772586 24.17470727379906 -46.6721806284974 -7.77913119149698
-11.667875858003695 2.142058205968344 -21.605635844356147
2.2724352308805935 -6.748416728746842 1.1754497851662995
67.68186640789249 -15.241165129035258 -18.330115400257434
36.08508454142142 48.64795963515798 24.21722455715778 -43.17544845190249
53.93003938345431 0.8605005456213434 -15.189374056835167
39.69565065335175 33.32617046993058 7.294419425934675
0.08581838247842774 -9.907412614305686 6.022762688935732
-40.73287966008303 -44.81137762171051 -1.081954714227717
-23.07151161238835 -5.72954158456216 62.36588705364704
-2.0958906799429036 1.6264682929446292 12.155677097799563
12.882875633781536 -58.474483584615115 -17.751700826781253
-56.901691488125635 -27.883912199847614 36.660701144033744
-48.86126277074368 -60.621241118262354 29.088968395658167
-41.873501330325325 -10.169802981758206 8.324078650834142
-18.548882130026378 -32.3875343441903 43.09116419588886
-30.4421363418821 -5.218529496219959 -17.57602713784736
38.56670839627436 36.07912888698619 -40.522718549014044
56.80556619626318 2.3508508414557245 -34.29952156452453
-11.479463235889408 34.05077036435491 28.417352670265988
-3.9517501839048865 -1.9177072095104966 4.063442972811884
-22.03493684374497 47.817873141105224 39.729333720352855
11.73386318048754 11.367801749573033 -15.009034747518056
25.451770746752427 3.952963745920589 50.3631814023706 -55.30842108745601
34.8382419104657 -12.258794435278908 50.30918197664782
-11.908686074227143 20.302460854819792 -27.21461088278408
-4.750649102804943 4.882022961920541 17.193511707607968
9.322181127184376 -58.43611629964506 36.35291588321 42.88117938962036
12.362602546547167 -15.55171436314489 -12.444019220623739
42.36436993217573 35.090239705136305 -42.468044361560224
-24.6369965747819 34.91157626060634 -24.473696822506046
-22.58674377850475 -23.579547604803135 8.827334113212403
31.67407810558718 -27.132468453831926 -2.2255509938223605
12.639291761809654 6.137211524987265 -63.841428954165806
-16.302518576269755 -37.590181695509116 24.8848894128672
10.294348399530353 5.705975331639023 24.54578497204898
-23.50023320052979 -20.659858991068223 3.317302305134325
-7.847480712949644 8.214858878909082 18.45255354798004
-3.300090442977518 -22.406513570796534 -3.344998332809076
29.342286482667916 13.868718377902198 -0.45138446616288913
-14.097575394084217 5.213570135399424 -4.790982115351064
-9.413362560420211 -33.255862032735244 24.991370132600814
34.950759899890286 9.11064642757946 35.61746445380668
-13.932951266190614 21.795220779738408 -36.552722137913335
-13.022060320787622 12.033465617363627 -24.563168228123335
42.660422659160204 24.417703063096983 0.6882076917927792
-26.373423306301742 24.792252787048465 -5.03320554916938
16.34620031394218 3.583529926310435 -60.90053544215413
2.4022306590603875 4.678362507052821 -11.121296757796554
-27.87035579417962 -49.032282330570055 -25.947906584633756
-36.23702601127634 35.02853371735563 -36.19691450687348
-59.24334981422707 -0.8470933269807649 -13.43960109687224
6.2436545838655455 21.914991780957212 47.39437778132769
-4.606800389477862 28.480331123990393 -11.018843203493189
8.972443160933983 51.64697868793154 14.755492122207244
1.0105937607479099 41.51185100997078 -36.364003433745644
-46.46960876574343 10.248202768415943 49.26613024834144
-19.46806145669581 0.6340751394868916 -2.1016553234232145
13.462288023737921 -40.696609315464336 2.119644009640048
-3.2289318063699657 2.68232522100327 -19.161825355062884
47.19134845046437 -15.961584971189778 -18.462946228585626
18.796019641182557 21.109228904793525 18.88928605429068
11.530637287168757 -45.66834415625924 2.4966071454817316
69.52854585382265 -0.4301907722967152 -0.5447344744793412
9.740340832730526 -33.68031922709646 59.35948647899365
2.1764673300580943 50.35807263693695 14.419424334777185
-50.40086101645659 38.88298384130098 6.048767164699789
-7.200070126812127 6.616913632237074 27.158529269160802
29.375794320545186 -7.556081047750926 25.20380851210575
-31.32944590916288 2.251770632927842 11.875895438194702
7.2636779084638485 57.68496358650781 -29.015813619386662
-9.650171043058984 -0.5024806871034374 7.895332565731051
18.391884199081083 65.60706829163762 42.719442446318716
-9.98741291965249 1.504447161249505 38.525959464753306
1.1351433457043967 19.449470070070156 -4.652966088003989
61.92297127939678 35.28481499752399 1.6160746186381707
-24.159100133843896 4.4546303532904306 -3.1549698895963223
-57.84278784398897 -67.00125444154737 -14.348053056140875
15.786002410088614 26.071383338287777 31.064239474345527
40.339740885878356 -45.92935148297035 -41.61337127016598
18.321438194464125 -45.0744289356655 -45.3701386196251
-8.016611024124682 -49.36589922519729 -9.498394699870556
-27.543634909314452 48.46556818817858 19.90628313933698
-66.66657183106204 3.27122138632685 0.2502686705378123
-31.787202518659896 -20.9747470227745 34.952299571042076
-26.15104886466884 3.3686217669617657 -26.893972190557818
15.051741068319112 -2.5910074874410847 -59.97060189067683
21.88206574845448 -24.327809864852455 -44.12696713743697
20.828869674502496 8.175697405580417 5.866568685037428
-47.391737812000095 -10.260860931725581 35.853817741373696
-26.689861773121095 -44.134873475727034 -18.653732749599556
-38.12680984135282 -36.20067773751458 16.031673675900315
-0.3371534492855452 -1.8788553715877718 56.09571927986778
-10.84845318107668 0.5158180396968935 -13.319563640782436
-3.084866012732148 35.18330874829508 5.806202197850555
-0.6266340785352563 -14.698540739903061 19.840548026359542
-53.1975478102144 5.664736279518801 -13.57392477815686
3.6212799566171885 -36.05597044195394 -23.741115518433 0.917943159709734
-8.279112022664009 0.4276490996375896 22.210866202388722
10.389411675991001 26.26234111333846 -56.108749334148406
-15.217112307150579 23.075889320627155 32.96725437795631
-4.213792077639586 1.9934041406921637 -17.23723349671217
22.184444451847153 -16.02392028166672 2.977698924006284
-16.788501555992518 6.152003367951928 -3.3309696057890505
21.963598347226092 -35.75998478134613 -29.713945160615765
34.145921572726884 32.483511247402895 16.8051517391168 5.468246135309657
14.879033740050414 -37.20180340243607 -0.4357925502803176
-1.1550591486704556 -22.280591760634348 -16.921183752489398
34.74152915829445 -51.358820844529994 30.165381898404906
-8.732379262377407 38.25272891972914 -38.0485689888858
0.5850369705679728 -1.3536081759511611 -37.335016690324245
-1.4239974287907815 2.91164471910718 -26.23770916543369
-17.563219082817607 3.6765466815755548 3.6954123184133194
-10.57770545279009 11.867450804717638 53.710490677563755
6.534105721304113 11.140423777861647 -5.763901662111817
-2.452158036319153 -20.839849138087157 4.759107587544906
14.687539887033003 -53.29598827788485 -26.417875063228138
8.994552349340664 3.3273479845781635 1.4536597735714145
12.315078910066045 -44.80481677656458 -2.695879172660069
34.26279844822386 22.84243253902685 37.22332106258787 -65.39401887719646
14.683648999351608 16.684595550513407 -53.76758969609948
28.714081070319637 31.513721856082707 -8.525600246179867
-11.923518875650828 11.501196224119406 9.176675138467536
-31.149861440930803 37.448444942875575 2.2978981756441437
4.648310810715629 -19.51912776407343 15.842100559407044
-9.637261404045134 11.158977962795705 -56.15251510176877
-26.556013232768073 4.7986203633015405 27.60801581871328
9.033930645164437 -4.155192885370101 46.39829565324259 42.17141311324409
63.487677457888836 -27.234875120495087 -21.248379597657912
50.9076815975344 10.66228734599262 -12.081186426488754
13.773954685970827 -23.99800048879374 -11.781197800182863
-22.81816344517771 4.4686354652492986 -0.8870818207274248
-3.9594835987929136 21.93253945945666 -12.845726739382366
5.517696578997349 6.10364255184244 -38.30756397910676 3.4765019593126874
-36.54993873029567 -46.513518186074535 -5.474126379642236
43.9136479468334 -16.710140292598506 0.10813578615305389
1.6585755320091293 -48.82292066643824 36.416254707259746
-46.55035894814934 -4.40788845901591 61.94716973241203
-20.64367153730747 43.91576697833187 -37.193473703250504
25.092605135851578 14.71009508439893 -25.01036789726068
-7.727940253439817 24.232843959638302 22.421382593393595
44.560286775050415 -10.128756382436805 -59.533901456898725
-22.933639833667588 -4.480255275127071 -51.69144071628052
-65.94601352200662 12.63810998892055 -5.278089610655823
-28.952218515437423 11.992548814554544 -12.025663082282671
-3.948277353611117 -12.19565334141057 -13.995596043004102
-11.681243037934435 -6.006967221739436 45.863472879947544
55.771007180419986 26.54466990596787 -15.655586915193618
10.759654401342218 33.08193947374026 -45.38987707356067
11.766687097596892 8.998556275930364 -2.7561357979676524
57.80481016796969 11.17157817952275 47.96454304766047 0.7479772446131653
1.2846880635725428 4.652222178677747 -38.35548390948143
-33.238599017411694 -36.22290165476787 -9.600444912475163
-43.971791186688606 -41.010412714822515 -16.60901593359338
-8.357505538313005 -53.08460401012612 -28.238767001241353
-38.31601968345048 0.3078662301686585 -0.09091963485243133
-66.80117884885601 0.5179315975498329 -30.74851266720342
-6.7079714663844 34.53601035846368 -10.15099632208195 25.42542826988337
-3.324074877375209 2.05734131835073 -0.8404879749395675
29.891335555941243 -21.88861024476467 14.322645781974577
-59.85827235430627 1.5437465220103828 -2.2242717911552443
12.308176048285292 -13.704848427777321 3.0339686242095407
1.6291963748346314 -6.343953393638631 6.362032052258974
-11.039805778093072 -30.57714290848445 -16.094347371093235
40.15405310255624 13.036825239708024 -36.579913927799645
-11.669654422907174 -39.07013033643008 -24.21618119844666
-30.725909060245392 -17.939734344907226 22.18423886071378
17.9650864860309 -13.472320867151625 -33.5760482193249 20.04866407537519
-46.208537386135994 -25.889775841421073 -2.354512093488673
-6.219921445462336 -31.669222099552105 -48.37416324325568
26.12000773633025 31.42380114003341 -33.79693656533162 55.78535965707181
16.51001921825467 -4.128024184621784 1.5826393787225261
1.3794096163501244 3.344620537492005 -4.71655411822832
-15.827667878638591 1.2384329726165375 -5.4251930740439125
-12.753822205915393 8.238505604337014 6.474332226457024
36.273885197043896 -32.12322344249364 9.479637710567808
-64.4273362128787 -22.7086385635684 64.17799342975735 51.49884504777386
4.6862462839156604 10.579518450413145 63.77190744969312
62.33824205767102 8.179892290823478 -38.58206506346852 8.393377312238002
-58.77819025043301 1.1682080764736071 4.718131168379797
-25.20423493307373 38.565940522199035 -46.95052560434092
-53.209202421960576 42.55771542343271 1.854085689060671
-7.400620142318938 -27.85944679854792 -5.74155566249543
27.33359307876636 5.473749739795593 61.65914632066624
-2.3439780017418994 -20.925974499947117 -46.566951804995654
-14.684470281239522 -14.375152844926218 1.733583586572645
-8.751702496682432 -0.3383075217424835 -10.933975324860388
13.718090207192924 -9.419384168402118 7.008844430812226
11.667367653366268 0.15506618510420614 0.49437896550784066
-8.063947017958311 2.1614836434095848 15.358026533674646
-33.36417403745013 -0.2950163505057286 39.04976362913065
20.336070420471497 -45.69754618156086 -57.93038240427571
-2.2455821122389934 16.50076375712062 -2.121380386097599
-2.16405750323712 11.702754702316755 1.0990698549030227
0.3432145047614718 18.317899390071258 -3.5865107323314938
-6.225990414480652 -26.925664065036926 54.41196404680607
-10.77589317283974 -9.704490716747062 -42.00285856199184
-16.722659113655958 0.27897473404509693 -13.569157244844886
60.03343953098982 -57.45007990240424 30.150487455899714
-0.2729939299364283 -50.67098131561969 2.4147456090219177
20.850391513451292 17.686172192345953 6.7965408813742245
-43.33127010825232 10.344183816383037 -48.96803350776619
9.166926364738647 -23.756183139977217 -18.62445427514 24.85610673696811
-18.73994209161339 -21.714083041804127 12.83768038625315
24.68019374515415 11.708295790567949 -10.57746970789023
21.994269707420322 9.607384402567801 37.45905977795554
-0.18876504197466196 -0.30947434903285975 -47.487761933798645
28.880267928135677 1.9046651391926055 1.0365720586597458
-0.3630878351906156 19.44887612708565 24.243200981073457
45.04322147667185
