-11.097515624388492 -42.191351925204266 -14.05912795858626
62.65643962681801 -1.0282531419786238 55.411045911253126
-62.28818187730711 81.77498150435781 65.74676157776418 87.93295099073529
-35.16602816750098 -7.87428511551424 94.4045124304688 82.18646007639194
-65.0893022031947 57.252617097148914 73.57150371877515
10.760210329512688 -85.16942677006831 -75.49605506008352
86.36679377521571 52.57188120405047 -38.70762320682972
-61.33173689342004 -27.20621072974029 -30.523259028549802
-68.86510454865982 -8.397640807443565 -10.074815188934267
-30.969813495901406 -66.36677908419125 40.48715565083924
-79.35437915485555 -23.124400296611512 37.08561182056448
-25.271392471956815 46.84938961225191 51.37631479268191
-74.14156955516532 21.519942483436736 -40.343867356646676
-50.81843490810603 50.26517505582814 87.18809176595818
31.737625311014966 -0.1439567976299685 -2.967531504046761
-34.74414066077472 15.409357963475117 -92.88626221830889
-96.55396040978228 -71.81084195796771 -69.60470630737862
-47.54969671707787 -13.547593621940308 70.08369152105902
-77.55542468430065 -30.173469178212287 99.76023737473929
-20.656772861691522 66.04820883190413 83.40257455960563
27.854684553908143 19.556330216345046 35.583461395579604
-1.5219968614202486 -35.33863590154567 38.869221764864506
59.25848352335058 18.05099216995771 30.06144548383142 56.497155636585234
94.70808344320122 -1.3547595760882132 92.03772877176291
83.09772576940847 67.2518723638513 88.57987686347053 39.217143890784996
37.32033441307911 -32.58543501454096 -6.237877422737469
22.112264159073973 76.21810017803799 -60.43590638862888
26.26532971334599 -24.622785551160973 -17.27885542778928
29.323859490220684 41.87128450258939 -97.77663876239502
-6.871707149108559 36.637024837835696 -1.1037250817516906
95.09134647337078 -72.44701869051606 75.45847205094745 88.54774801036731
-57.5183159166601 57.98780451528947 82.08410723311479 61.25922242444207
-28.60442392344713 30.86892937506417 -2.250826322540817
-39.9204057173681 -51.95850608221833 73.3954639316454 36.69798029276558
48.354076258161 35.57751103440364 37.340364265158485 97.81645931024241
-18.266653842164146 86.69399511338523 -96.73428618411477
55.91693244354752 99.6047869306382 -7.815480305131388 83.30531112907252
86.85952296306249 91.028667092532 35.240478457018696 -48.95894967052288
65.60680405171973 28.45304581629773 6.448633902856841 66.75018322187944
-62.226907729852485 -76.04647660461464 15.59701212392801
-80.02878715349004 -56.876919434948505 1.2726459731177329
-16.77951264352157 46.79859050374793 -59.37262615416334 90.1283315343436
-79.99022756259073 -17.737750345862864 0.10716316649208579
30.62979149307276 -64.87008534790068 18.47711322467927 66.38147140601001
28.41361852325852 -16.37767615677552 30.180336335624474
21.679740546911844 89.4294720760837 -21.462309258038687
-79.41267641305451 -60.97814902694003 40.13937754044571
-4.155443833594518 -3.627813130726082 -18.919029162302962
-4.372663362187424 65.23386151985903 -47.19172589268075
62.55462958338069 14.318243228062016 -96.61863392394459
-9.832563898435765 27.639689621320755 51.60688640424786
-6.973058732954328 -46.176262771870434 99.3672331381022
98.67925977912608 1.0597094990823877 -23.37231489568856
-40.18057932274659 87.55374207186975 -63.76552465779643
-55.79883930596816 2.577657697192464 13.929492288132778
-75.21732816063627 -73.25842678542807 -28.566463804102796
-2.9413913605744995 37.05609335368982 18.61636477505897
34.58666109167305 56.13450793703569 33.33253854694186
-1.0684954069915023 40.56256675580323 -71.4224862924552
-37.83446972273601 47.67113346172721 -88.28289685279749
11.202694842491837 26.504559368698082 -3.5040448351232953
71.37521201875435 -63.46392611085423 -54.695425100116246
-94.30253346897459
