58.43179962588613 92.29289826804526 5.360967036036882 -5.461303120697281
-76.79426189163219 -40.1347134743012 52.255512468043264
-21.749873480784657 -91.28442899513021 89.3403282526202
32.71617382049672 3.8883104001830873 68.87366518970035
-36.87145932689728 54.11355842556125 60.224594688746265 6.11769141479148
23.794572698143114 -79.6031959534696 -11.190573640632167
-99.07669297526118 52.74171849091053 97.68531753819184 84.61660261026947
-15.845450997325685 51.642492622444166 -95.63726737373148
65.3775406811944 -62.54771197727174 -98.87322892621471 66.21746667149654
-20.250482516381638 -42.34665563881674 -63.212005526915235
62.74604639158267 -8.901654253042864 -70.75331564005958
19.169023371451715 83.76383243195068 -17.43149306429315
-61.77563768089212 59.04609638181847 89.68264584952954
-36.05641037633349 70.39623033356727 77.41248898175911
-69.94058046557171 -89.79669253432843 61.55194134521835
14.780829829698789 -36.46929827363656 86.26180863070994
39.842876714875416 -49.14643729560406 -66.50116062084842
40.05185960251404 -65.86928960086651 37.34276433935415 45.09572157119328
-6.239813710771472 -27.40511406720782 -2.5467103698527893
32.4723380864863 -55.911911152898774 -87.15391456247781
-0.9093839387013674 90.41558255949758 -54.1237660526642
-50.28161044580697 96.54863218650561 -41.05106782160826
-0.46460545409279064 -25.616556508946474 -36.23922362594887
-9.441677071844083 26.430486271239914 80.11179105077326
4.854795854899564 23.05737379411339 -5.186211442645501
-88.71928429068862 28.35901215664626 -41.30558346533037
76.17864032585473 88.4120593391462 99.22745080959305 87.92286665345028
64.43200306868832 -56.14781342495492 66.47024485275304
-94.03605593268307 -82.3484942976779 -26.17125458002421
-22.374118681892455 30.089497041705698 -57.480863005178676
-67.29088527997595 -65.80795728243017 -71.06050445517658
88.89059854671882 26.496623414215506 -67.82712132180815
-39.020101027320806 -13.867713704903295 -6.356742396275749
0.6653289544664744 34.07014109913251 -7.58414232979581 91.33964514943304
-38.25637612274293 -1.2134721897240297 -6.740716505340998
-65.68208646370704 -42.4260814962093 -50.53813844773851
-77.77934773037056 -29.11867700861228 76.75278916404574 25.535313235302
-84.43527575996852 -29.984193406084074 -89.11668734551365
-3.245097734249015 86.67248733412504 -76.74560192104043
99.81509464386073 46.2050001132456 70.29213631504078 10.880815065739611
59.698174787845375 19.80999688147513 -87.12058348477896
-16.20632688427446 -88.79946328582756 -28.507146156048762
97.83461249296863 -91.4972786637845 40.71229553052433 -14.03046875626903
-77.55623204822577 74.52077352855602 83.03049037438672 98.144510495656
-27.668875954433588 -90.44279824824963 90.23172278815764
71.89545929587038 55.266001799241906 -87.98879953291706
38.008503072934445 66.63640106667552 -76.93255301940943
3.4091533466093864 5.26585596030624 8.992660795120088 -44.11409551935841
-89.47579476418872 97.89308805141906 7.834109557115738 83.35285823829096
49.031459999275086 -49.654867766311675 10.117510933744995
40.629014354864296 -90.23218084069404 17.53850777694859
-34.96405904413386 64.02574496376846 -93.39882743103894 44.7598310757856
82.184545393521 16.37117992092098 40.38753910025932 -97.23583950366215
19.498903335534564 33.869175049119605 -34.87447808191639
-35.61567370076469 73.41811274617288 76.62468405308627
28.284653615430443 74.51525987081581 11.05396559243141
-57.29719450809676 -48.529585875540526 -15.358766869852005
-14.17163130532748 12.274102661024315 -61.52240303984768
88.18166494513088 38.52236282748123 -51.98092200338624 33.60033775849544
63.77534964529863 3.9305767579295576 70.05449569335772
40.310122449775434 -32.9622865324729 -0.4270594999292996
-5.651560971232939 -1.777970356688357 -27.31087296557304
44.830814103675465 -25.760535535353185 -12.422297427172808
-80.7990538582956 20.364837066322707 -30.35329504748279
79.85587358613333 68.70630872708378 -68.43955402577765
39.995246374205294 -72.83559911139201 -59.182815283669065
-53.04582056492426 54.930901754436746 -83.52270810256653
85.78662804717032 -70.68194647570157 94.61663428043349
21.521405976895295 -98.49942844446488 -28.418728847405845
10.677238291747088 -86.89892347845483 80.70912995782871
-78.87325782289321 31.668129653901133 69.85441185030078
90.55549591678661 -87.03265128300397 21.4436948772764
-50.671423483243075 54.65432308606171 81.98968066264561
-97.82437962057745 -1.2411628877114111 4.344133762618924
39.966240216975166 53.20382867756149 56.195859203903524
91.53574507256158 -66.99349415221296 -55.637422538085765
41.409236535708004 74.6274891576495 32.35537113212871 -44.77108432676402
19.85930744777204 10.087301637439666 -55.79455663253221
8.684277441677551 -7.553533025585907 -91.98973073523015
-14.897087629684805 17.355089847450486 -95.48844050102223
5.015029888472711 -11.238405149988722 -40.43534718294903
-13.03849184707397 -1.020079899980118 81.07318430272898
55.545181609360725 89.17993152569022 -64.32448029520003
-79.66286823903069 -55.21449736934893 74.09250179627836
-2.458794513166481 -69.81582279766008 -49.01551254533376
12.672930329033164 -82.71814588332364 81.99159699456402
33.20906775483172 25.770871945616136 52.87870073500363 97.79428405675358
-59.23221277297102 44.91308293463388 -57.77552545190654
-43.6022578841079 23.342347230878474 77.97071168503714 9.80529162183646
48.66032703241373 37.00688686004872 18.927284335984922
18.333010265220054 -88.58234868331279 28.089098269501875
-66.23822406097754 -8.92825515137072 -40.092930542185634
-26.575788684987174 -36.91467489923177 -30.000900241549715
46.03262542096999 71.92031308273303 54.915633624980785
-62.99142337759744 -36.885837465108274 -50.787584784951974
-83.98312972059918 36.46150064951212 -20.674383330366283
-3.550196120706218 71.1215065350398 -55.621456666607315
-65.62426887142412 -61.761560073280506 -18.15172646844583
34.12323175279093 -94.77724525827955 -72.22091916695996
6.975432350783478 34.79240366488972 46.92956208798341
-25.840508604470386 -79.59962683173718 -66.70795413268735
-55.247913012648084 5.7266253307194575 -50.001095866222656
-56.278933748589054 -29.838105355629978 -91.81485766235961
-4.7934253437346115 -21.602467770979644 2.9980894826437066
-46.84569203228648 47.69396087062324 -67.34821751916418
-0.8087279342622935 96.68029545740643 97.88001060404764
-58.205412597257265 -15.131573812987469 69.51149927908665
5.03828084311651 75.48679267172344 -61.63654675018621
-52.627260832750736 -57.18473855637356 -90.08300013218093
7.447519560773159 -89.93023962631506 60.255483292130776
-10.645000457220718 -47.6324141952674 -94.89760633022722
-85.05163035866592 -71.04929866442176 -30.40354233657017
-56.725002805189796 -83.59777906257088 47.74849333670409
-73.8925166715789 -82.72111555335144 -55.66493848442251
-14.77301579263694 42.622595804530704 -68.70786950143801
-82.6121667939177 39.386032958107194 35.047438804814874
-93.83259667767933 -92.00321884732956 65.88614187027642
-38.77895683301125 11.836960894397237 -3.4760903422293836
-83.98137931418421 17.528334293639276 -91.1651080600943
-7.26264461488833 84.8587474245318 97.05283157077227 21.44851749318599
92.33055395595801 58.60413322012556 -50.08736517786729 69.89271048444593
-31.63630758269025 79.52499273975599 78.75395697731145
29.172217689456858 -80.32945281783091 -89.62993287562561
76.56198961723257 91.56728704820299 -44.578646698373326
9.074174898107003 85.58575735052602 2.6501621970855354 75.09131615864831
-1.8799103543160953 75.8500894025592 98.2760645276482 -59.31388541656262
65.38497512515485 -75.59230716636351 87.53394544034768 8.161577410734864
-14.65060570872329 70.56852660079667 63.01022927727476
-64.54136378655804 47.23989304882491 44.75620430273307 16.69323728104557
12.373763761884618 -8.757440520281975 5.816621329763194
-62.019249068437276 -38.42664903409976 -92.6185287971401
-27.619187311990984 -25.890277245709044 60.023494067583215
-96.97587938584023 80.5251543505938 -57.905993987035465
-28.326145195143027 58.9849153743632 49.8183100241487 -90.21623406419374
-55.943896574700894 -86.41658184565759 5.603465568506863
0.8735496320458935 -85.74997542123033 63.397521234577965
9.945945453168264 56.19410499052316 72.2491597763375 62.99424150814454
45.42397727735431 84.56646229040746 9.58606162169427 6.985380245149457
-33.873202888887064 -66.12560582801852 80.8499035401727
-89.01223361425845 -53.66243709506846 3.8731116310223968
50.52145097031891 7.829861708615482 -3.855007844602085
-97.98730046782474 -43.49041851114317 -79.92794060115796
-15.833872160811865 -75.8437464193911 -89.91793173582147
25.299232391437343 30.191625901374238 -41.54416418738902
-76.24070552810815 -80.62028735679823 8.482820271485323
-29.955052463587208 37.646567405688046 -5.097526185893869
-12.695886796906649 22.60125103700021 5.456026783180292
23.188239507459073 -59.195996076817536 2.8456020833351943
97.98711520024415 -97.60021395134866 -28.563285064823447
25.029871403094162 45.73316108689954 36.45157065522696 33.84683049409992
-43.70438166959063 2.330166423517909 7.282841793012196 8.956129704043292
33.97450293835135 44.757170465111926 -99.89947624216022
-84.72912853549481 -3.5226452626754536 -29.168172317449077
1.8863557772198902 38.4014603911877 -98.53227921683028 88.05972862410667
55.69155137452452 77.48519006949397 -41.66890714140854 24.13775438488169
-19.163068014327393 -47.27442229129848 26.650016621376267
48.68355454651555 -24.917435145284927 -40.35165129457226
-69.33993810234944 -49.428457367705 56.20357194970532 70.54483201247027
-20.92392883047873 -73.93427280579603 -23.657747025021166
15.155934520730298 95.25792753268408 26.48071434713073
-9.785144184056094 -44.36177522666351 81.4700126761984
-11.189635197025893 82.71653376760156 -69.30622350999303
60.958016862782586 59.764419447907414 -89.58193569046236
-26.70615584371825 -13.69918996584633 4.018801423708453
-43.55019731312994 64.87061467873977 96.69595264809655
-1.6646071574771781 6.554489217948628 -24.38069876730475
-51.157532242274705 49.75772140365143 -17.370808007916366
35.19587127551125 -97.02380544501123 -87.09950468331229
-66.12205738281213 94.95646882042251 2.9116116042014824
-92.81331418960788 18.017704378461048 -44.37185430751378
-44.38522473779918 -42.10979601735092 67.92070377701742
48.156400421255825 46.86016968501872 4.260465183474892 70.61818541449506
9.589043787796541 33.32999926187239 64.11347580644895 25.673421834702182
6.310707130196221 -21.387023250635323 53.515397981344876
91.13087992888066 -38.93986919765822 24.607644472481027
14.485132907314167 34.22892759938779 -1.388647542691416
9.711009642854691 78.03817439657831 96.38531509078013
-14.180387194638897 48.04786019121076 -40.5690923742021
15.67261162374345 -29.912409992747342 74.19075440163263
-91.66713226272473 0.21644533029882496 -36.959389587942624
16.912726451741705 -96.75773975951778 73.94466161106621
82.63566737321611 9.864365444095398 -28.86091891558003 17.89045111877894
-34.441788495859214 96.2317909307101 20.952705669392586
-45.007329575501686 81.17930103749754 -91.85481330503652
-83.0776537124294 21.298500238169083 -48.743668977699414
25.45310158874547 76.8336365917605 90.82114032657594 7.817213417926027
72.62942165051018 -0.5323979257022984 -58.932075962163324
94.04249596578927 60.57343576391159 -5.7708945664063975
-76.17373208872856 -3.6407752796295796 -8.428959024227865
-74.52423354079735 10.070017762506154 -74.77822370412719
-12.66919081571416 -96.49562278395311 32.98415076931781
-20.619308715160997 59.67916215521663 34.38628569677536
-11.965249467956056 5.791086980373848 75.47186619813607
39.51114721703635 14.942357901027606 31.444266451485277
-70.53922887734137 25.740685010752344 -65.47521883412257
-30.39633544226777 -21.212869383731544 29.949022040429384
-3.8038119322894914 -41.53159105382915 -8.33715777798156
-8.516636040207445 -48.88721961226648 98.37572874691585
-23.72932248683024 -58.34314956017472 -9.127426545732376
86.51860813361239 -81.73990562863096 52.25060169261485 53.18257814354354
1.12764203354088 89.0779652773214 61.22422460644452 68.79733484320741
61.02486864074899 17.418850772559964 25.014469583354895
-5.298460058574975 35.183407732598255 -14.41274583073995
-5.03788582636308 -26.756540710017703 -38.09241430077017
8.220557845699332 -24.155221361170092 -74.71360630777129
87.07079704357753 59.78650409416636 44.8505112915947 90.86781585813665
87.49387564469282 59.13692892690622 -69.4046240358552 37.98716065781457
-36.84128329871519 37.421004408380156 4.228668586858646
87.36365268320787 35.139166902233285 9.889682050839582 87.96163933424799
56.47030569349414 85.81628067233672 46.19669945328053 -44.81053427394135
60.66870351247334 79.88320972756844 -95.04985179944224
-60.880333343259174 -9.299747915025122 28.348231535046125
-64.93763596748784 18.154188145828073 -67.76384265881279
74.2009499430732 80.15505473272569 44.36740910383293 78.88065769437333
37.2300334336677 90.58998534030417 -16.800429654642926
-0.46153842659578004 39.68903498144374 90.84984615951993
-23.372259403561827 35.014125585815066 -55.29422534898445
-66.17345976094245 80.93797333757593 40.84024953926314
-97.28810295535428 84.83470462593473 39.0368435929652 -66.25166307245267
-38.65704281875069 -99.34402160381259 88.3203520693526
-42.801022107172585 22.23393451408991 48.81710027246592
30.348247118805716 -50.740901166385676 80.38357535125493
18.486996604141837 90.55680962468719 44.91913192542029 90.37052446291523
21.689132981650005 -91.5766265564552 -44.38270146796612
-59.310767041521274 -33.164613614714085 -69.67707111835735
-27.421559999682415 30.903459595618102 -18.668880873785085
53.46478258216257 11.341443448409947 88.51860896551798 77.6302884419859
44.9673626567332 -12.662204903186392 25.00675588633088
-19.10543089971462 -76.45721475579685 75.79101761888052
-84.52775998579634 88.50440117686762 33.99614438313654
-49.734978996803456 41.07852318524138 -42.88380284992015
85.50916413437699 -12.695953366237148 -50.388462279274535
-47.9185161201652 -81.2150664626913 -61.82630124506026
-17.41485953150476 -27.842132549076993 -52.92198460022475
-24.059375984152396 24.117003824683366 -19.506738228186606
90.70183701120072 -10.703633538542093 -65.10326543969617
53.977383539058536 -57.055053756393725 9.03820167924141
-10.130548779465471 -62.61369121669909 33.35096903472066
-47.71622366103281 95.97793758619534 -3.2644265746336174
-83.83551717221856 41.93330648343448 43.719067620646285
6.986646046865502 -66.53760773696295 11.349450420040768
68.65494904991988 -1.7753151760442307 4.537584217976203
13.246908352828228 -8.082902401958947 39.318977863582575
29.375034322510885 90.40529899071791 90.09910346119176
1.2322452220107039 72.43970426518905 11.095159852021538
64.19159071452262 18.186988459202567 -6.998449351919248
55.458220119569745 -59.018526239415614 -74.3957824981481
90.93748122204835 -12.362492828933469 -51.32866040478823
-16.11733956776753 45.82947189934748 -79.27993603878755
19.769730905299653 21.13258821019315 87.2679713054934 59.45552141044698
85.8545612749796 86.7306391391673 -44.19152196345344 95.7317841370739
72.58574339625713 40.41452154500513 -18.03475537490091
-63.45448130267315 37.93786638499091 92.26792819123676
-77.24475837201425 31.676464852619432 -94.15845816689257
-31.382947282748844 -96.03829215282258 -22.401440679567884
37.54808639472239 -48.82854529233931 33.79722242096855
31.293889599882334 -40.518113729307295 -53.659439725864644
86.91084332402522 -74.87207316755342 14.233394829584483
64.72015305532798 -79.0981513249777 7.860147561860913
-16.473548015027802 94.53213245980072 20.682402347554515
7.278605785305857 -54.968915969200395 -81.05961277822927
-52.41095883272882 -85.85411794743847 51.70612504331419
-32.47446412197479 22.881579498157436 -93.58124903782594
-52.90011439317899 37.234923406167894 -15.995576073811009
39.153163710588785 75.79103311910211 -64.9379155607859
-59.061373474602895 -91.70922044896174 -91.28950938441471
-83.41551767964106 30.621403967662616 23.993624739003238
88.48903306962492 -50.15585010384793 -65.6566897071175
-1.8664071461975453 1.9054093146957598 3.5615938044174698
68.1915430009623 36.81589595720459 -25.685097877086193 80.68588424188485
11.180037380342611 25.962703466720043 6.491579537968903 82.017458028443
78.51972797912845 -16.257270154147818 -55.563929008049826
-41.66064440213286 38.27935650149155 -19.536284270835736
-5.403375849831377 53.61631119701869 92.77721475078616
-25.427982240084376 -68.1456089982665 -73.78044776796666
67.07361832306185 37.44108203373318 -96.68688769291221 95.22593148308144
95.52684785265461 -76.33296589043452 -93.94715217573273
-30.887348262581753 -0.15469849583978146 -63.56931427737811
3.031719716684151 -99.12134836429634 37.9912917535882 -76.5409517937162
-37.80075548989741 70.00225708006656 91.18447871389554
-55.051695422245864 43.71676616389453 55.94531862508646
63.92365098760436 -65.8899730441139 -91.3103737294858 36.376571663836046
17.964036179028284 -72.69203479103686 -31.44391898915444
42.5912704670954 69.31720363153016 40.562944023808114 57.46982087389409
37.54138265494328 -17.164290761211973 98.74876004316815
-67.97635558619915 75.16416869685494 65.49099069868157 72.49704987847082
-60.72495137019644 26.550105096562433 -47.62032358329316
86.28730012027589 -93.18651878569446 -80.76152151370333
64.28586828799104 -18.353671918859746 17.75855474240609
94.63869728455455 30.72200773922168 -34.57598248916938
-44.078869407658125 -88.65681980987421 97.67750320714546
19.61021504381506 -83.67278471529995 12.358448767822779
59.00249981321309 57.158864537767926 16.66964322131166
-14.357968985186048 -80.59966613156655 33.29122375064685
59.71493103288245 -46.45254620113255 -22.314189997856417
-42.631255550247985 9.712184124560366 -52.14048902435218
29.82642477102442 -19.585263051463286 -7.403100078248471
95.87222888023177 86.96393548341868 -45.311250728021044
16.44505408185961 -98.54839355728295 -66.93287251748666
-23.70838016488092 -0.3749573215042261 -93.10604515476075
-30.90103315544033 -28.709730350014652 95.90800411453597
-30.589486691876914 90.40144002164834 45.714218087063784
30.785214177670525 -11.446049082379119 58.777925206392155
31.69839503710125 35.768867231080975 -87.22242676528023
50.99354630593595 47.462546185115684 -84.07923936575239 -62.985009829767
92.21602342050682 -16.52672256411705 -69.68683186160706
62.235717817467986 -99.11235586258684 -90.9285984233474
22.09156282581253 -82.81722482551908 39.90354513051281 46.95569567144827
-64.22033734771544 -10.32002150156444 48.754532765994696
-69.072495115554 -66.36807609879071 95.5590724948255 -57.53994115060539
-74.33566047844944 -28.1619951708378 37.447816735065174
63.41041528030263 -67.24754074685524 -97.91796213692807
-98.26564517540228 41.4795062720527 44.20688871890306
-53.252948767004504 44.923944967342834 -28.541761772323
28.805042819341224 -7.356615003028139 -9.228903917734328
-98.38136938870426 93.08537442673617 25.94929901647363 50.88667341026479
82.33371441633969 13.076059661370735 85.85897179988865
-91.13964919888026 55.62749785847603 -85.89174847022016
6.651002916428411 5.295491203562364 -28.150153505448472
42.306639782421854 18.10536834028298 -86.6905895867775
-61.10178337097598 -49.854452648619876 -37.475555567648435
44.0436339202754 81.30641368475452 43.765214232693296 61.38504652205029
34.25713440913668 -42.689395588567926 14.616671657220166
4.751693059451398 -23.326863308676906 -1.092957191438316
-61.525967460116426 9.414152091621332 -78.79020382071525
-13.706764884095264 46.97314579399659 69.40669206608433
21.386896820876203 -84.48233616116775 -28.15456015397902
-63.559634763265784 -60.95182306046751 -35.5820229637295
17.583414004419566 -8.23106983104509 37.92019250838101
-21.245765656959108 61.12339068775049 98.34615541352503
-95.8646298570325 -4.3526558216907745 21.406058819645494
67.36104183026288 -48.39769091058608 -46.090172443869434
-77.30466768520296 17.307872178877275 -81.35891205019685
99.90419312768958 71.61163971247103 -20.415049883493296
-89.54116291918426 49.48738544471695 62.25136845247573
18.467831750846614 24.48823092338324 -72.02045689424841
64.80485030858841 22.087464046950828 -20.49894160161132
-15.672070602341279 -47.32238076795512 33.12362969067132
61.916363620550584 62.82865899178026 93.25303807300537
55.338739456130185 -76.31396089495306 89.54638591503817
-68.00871460572013 80.28320263253468 -48.681995641408115
86.40857104737728 17.420406842532344 21.440091892878883
82.79857649687446 67.39063768933192 -16.52771439419331 64.88270367086244
3.651929262077445 78.92213269775135 -38.699390647330034
-43.514589277454554 -3.3443535276748975 -75.47904575418237
65.73141008237457 21.421894529108428 64.60379240900224
-6.384176926040766 -42.999613200555586 63.708676959652934
-4.00098587903679 39.42023316401654 94.85167578431907 -80.01516613540629
-49.898242384792724 -47.983210171334264 56.48723066694356
-51.12864866319919 -63.637989642776894 -44.75231278524707
17.752786375917083 -3.109603100895967 -84.22760388412034
51.729484670704664 15.4038078116902 16.740315798612258
-37.58641350876584 -89.86196686447958 28.311927550900833
51.46723686070729 84.05346041688486 -33.089641560312444
14.108807968920004 -17.91641364293585 -87.30924055933286
13.64075026725746 -41.132406416497446 -17.086006042295395
47.282494677946715 35.76973969567547 -91.76997645136669
89.22757876045452 12.518110273384124 -43.90897751098344
23.819830510806867 10.920905584206338 37.27519554369306
-65.56298911412534 -31.78690685165016 86.24193053307488
35.442379047447304 -40.62798765812594 -84.27039084394052
-44.48300491401363 -19.99292764363912 -45.90119305009757
-80.03209317180514 -82.10117545010158 -86.9866278871586
-65.32106024689517 96.55293264753598 -9.749388581815637
-35.12679553646592 -53.4051314532215 97.50170224266336 87.8405951474083
4.875755123775164 -55.66890115789018 69.30181761961333 83.5459896616405
26.47961815769962 -27.772020582994415 -57.62915280844951
-60.6366615210552 -0.47892554769943274 -80.32283027828579
-87.36649278789692 -94.98138401161384 74.4815135860367 77.95989318116494
-55.67266303092995 15.90124659049934 51.08381483599456 68.53937298130916
99.95662546934975 -12.71648489586461 -55.486981817999805
-93.11646511122021 -53.31674546095153 -38.32912964416349
-37.363289893519294 -84.36591506921032 -92.40902784558718
11.107911591627897 27.5478201121324 -14.48235396779691
24.230761820585386 9.84400002232428 -89.65855969623651 91.43541540505157
-31.05060364550269 -81.86462907949769 -42.70620647364527
-64.93978283131639 8.643385118028519 79.38770366603728
-38.382826409571116 -31.707441632781624 -3.203476879199286
-73.95675921788767 5.384972505793854 -82.47871923930225
-81.75505078813572 -3.2510559714605307 -85.47813835784166
-15.742649435939839 -88.32281598925726 -35.694005908304405
13.33659730509818 -31.017271928733138 -88.76595875778209
56.5668650924934 87.40110299225091 -63.08629945699642 -83.187846323166
23.1681454549679 69.5494534752344 -60.70548368534321 -19.856675333458114
96.10064187095671 -90.54168819956894 -89.10717998353653
-92.06804643774498 -25.12827618068185 11.750558981942632
20.447514730674982 -53.24857204822877 -37.40572810323604
-76.65798654650924 20.045903839415516 66.8429485871311
40.454622369483445 66.90409885270287 47.64177710272628
-66.89120014999324 -21.808862084388466 -50.88072487517559
-80.5872901937745 66.81607467772938 -41.19823714219184
-89.64257421322264 44.85505010033762 1.3172911043280067
-8.730838693666868 73.74398810609742 -67.77031051550975
-19.131767857644547 64.1057610647654 -12.441701378556317
-52.887893904874915 56.662034887820255 80.82176123232134
27.410761257078946 -84.84808137263802 99.11652231040799
-17.62001174791608 -70.85935876532238 -72.68204642657561
-53.01249469863893 70.96221970383104 50.80193927731585
-40.00190012099425 12.612178796970682 86.55825958137174
-10.40900976145251 3.8798868976509766 -99.18137925536172
-95.6954369171831 -53.51750792626613 46.64576292141825
29.467358230066736 98.88238745597695 24.560541643045482
30.723781734324632 -18.65792043869618 17.602047556108303
61.59339274378351 -94.49842203457825 46.77037785836632
-63.38965348146903 -87.64661398908001 -16.90546263272148
55.19059231676533 -32.80067968840221 -32.24925387183053
46.937994556618946 -57.38765438092717 -65.32025873948682
51.51679647973211 77.6351968769662 -82.24434145473725 34.709631553920644
94.48222004573717 -85.28736279226692 -29.336073886415306
-24.60058245874501 35.77134775158393 -37.85286126706167
71.25908058879693 68.38841754815849 -5.391136292968412
-52.67633874553046 25.929150465772196 -80.42617939855201
-95.59422663652714 54.067618050768885 64.60523880685537
67.26507384783665 -71.2064556001027 -22.762134608332744
25.27461917079448 84.98865945456117 -67.84912833361892 14.54734184261126
49.836921143337236 32.07593559562579 35.06113933179046
-12.693454603268123 -79.25606121668523 -99.3464174641324
-0.8110224235313979 22.970553357711495 58.30675381998785
-18.42177348151624 -53.43589408318397 -17.616826607871516
-45.383373189590756 -64.77432796312613 -94.97087159406021
55.76245880332792 63.33164158086194 79.40001961692141 68.92634282761679
-12.634860646265594 71.36603781467193 -80.36876632624283
-42.9539019228844 20.218162157697165 23.217763742943774
-95.16529639792549 37.926942186081135 -58.418150983545345
88.42920799996992 -66.0230098838567 -62.20078990766871
-79.17047412779715 88.33506729612716 67.65009832229464 27.01411031654537
-68.02615484026633 -31.68215784370929 62.094462009463115
-14.220766789287211 -6.2495726775019875 -68.32208174566148
-94.68549401735054 53.25306988214277 30.36965268732166
17.297229969500123 -65.15978815390827 50.35378073257428
1.423452570813069 -63.63286271986808 74.88047117946954
-36.30412534156948 18.5723164932361 -21.640980335868917
-1.7719640706583846 -31.382102391964523 24.334597751991424
-24.882774632451188 -19.74821081291506 89.96937945897386
37.92214022147289 56.26759686420891 55.116473720867106 67.71377010921532
-77.0915576746267 -45.54415876875888 -45.04146623785515
91.04240397704231 -90.50926989868869 -33.54342234778393
61.205094402944184 -74.30320867432725 -93.43337374153369
29.353126593766063 52.458316857242124 77.72356108048933
-96.79729991353767 24.476199908722563 95.78065381041728
-76.13547186981144 11.378942007336718 86.53334203187703
28.087630120246274 -30.549927633756752 -3.8857954824312486
6.30849055244866 -44.80824198157842 -92.0628123104013 -79.69020773319733
-49.29412242326359 -82.20076577989266 -96.66918013805564
-86.56133353731998 94.37648505302124 70.92445552354258
-43.959260747566375 72.20387291497565 94.74322872176805
85.47577874120489 89.82882288189973 -22.754239433256473
-17.514506544439087 -36.228707682063586 12.145035231553862
-13.265196979426179 -97.05456698096367 10.962212236969933
-39.619905897582505 10.163373250437374 24.2643777904686
-70.84506776846592 -73.93171626197662 41.024682421644485
8.74915070395798 57.36961120122615 74.98927957384691 -20.29211137796574
17.781212389972836 5.248770310447611 18.809098741317243
-97.17430365620481 31.758124906619713 -57.74951208828911
-90.64049567734371 22.23286714193958 61.04452922978476
-88.65736712141023 76.83935859804697 -47.41142248400896
-71.49674615554068 29.950342963002697 -95.87309183309942
83.33974753467714 64.38137273160615 40.002127626947214
-37.607538700084575 0.15289050635662704 -4.570476738196689
-80.65176074947786 -57.215919676155536 -77.87621339927625
-34.793144292931316 78.7627843799369 35.2836880722283 -17.98784603947807
-93.96544813842975 -42.166535693410665 82.07390267241851
-92.49913423272389 36.812810802424934 83.63977973552537
-66.29557851579268 83.386191667715 -56.54923172808779 57.83007755758828
-93.11160444043924 22.820254132511593 49.11337387241184
-48.996240899281695 -19.113950454565014 48.55448021883885
-73.78133071833753 -36.44247412908446 9.401059373724976
2.2605121363907585 -47.601661150679696 19.128999755978498
51.708475632362735 -99.51886584526899 84.54041002964044
-36.44835236839516 79.43620784311369 -89.96082069747405
78.41750050471887 55.22367831636086 86.03380106015581 39.23569163008818
-61.19828152476175 -15.279198846649962 88.28660965791673
-13.88134023019252 58.34251125284561 -94.57528073792749 72.8091997977771
-27.27790169861983 -27.477215612060206 35.52880308471947
87.06378518479153 -34.629923691934124 45.950551196410686
10.91645011205948 -11.153291310808783 68.85779564833257
-83.84796996864281 89.06078409478627 59.020778153515664
-51.0088825332013 -69.59045002147289 25.659577369131867
52.39553607417588 -64.2170462401386 -95.16668718454078
12.888643714062908 62.04207179216857 -96.45469954804555
-59.71282247105974 58.983716956150204 -1.917936066285165
-26.42753401882827 27.37080248968944 -23.523721743328394
24.913891296281705 39.69741999650037 -97.42016514732346
66.75096375489434 60.87970016113542 -70.5934311483631 96.7671154992008
3.889915881973579 72.8957591331579 60.474853814074834 85.20766009390934
-44.70521101382647 15.129172076221352 93.099365102267 -64.23006694552696
14.711319979477409 -40.021552185853196 -54.505717089288865
-96.51321063008479 72.34810444630236 -85.82718924013808
-38.07819656468756 24.717308048131343 -68.60100867056474
83.17274878465906 -23.767184487376753 -49.025724346912504
-57.18367648894962 -65.46735831705385 89.45475090246629
45.079977903308645 48.65132090629507 -27.56555512763748
17.00199685077706 96.35349468057328 -9.231862279508675 33.33496164900626
29.047487461938687 6.7478842217812485 -80.99325678531055
78.56029474002716 39.02354025514592 -26.31303715489767
-49.43372765581457 -79.05245750596563 16.369310338143706
-96.77067272205461 73.42019345904808 -11.28265337802381
84.17932686530844 -48.69921048760752 -93.32574410335886
-75.44059580947913 -58.3316020195827 81.95822104307265
-30.44755495896878 34.23896334463075 -48.02855521420211
-97.36992462234267 -62.434123083510485 98.15097410175707
-99.74455811595124 -70.34651678206909 -57.04748854915458
-96.81858642045795 -88.12744331951214 -10.894426545470722
40.89496554929718 70.9245426027222 94.93776933210836 72.29679712146518
-68.2556403739213 69.85555790393732 57.780380666177365
-1.2364771818378983 70.60214569338649 -53.97254083785808
46.14290118226964 -19.658988802808636 -80.54802257268057
4.482955060472733 59.743289531074566 87.70448333064653
-27.99442808637096 -86.67547026438329 -96.36677309788564
32.61495464733346 -57.5477810888696 -65.3097926062905 5.698982656779634
-94.97309153458087 9.598182134389589 38.409782177516576
-73.92957755420026 41.47792979503936 40.05872386722041 66.13734486935195
2.097578049283257 -12.496445184666285 11.100554251151905
47.86103187419019 -26.8264230368396 -53.80740277623304 85.30124620448655
19.73991439685841 -82.22512259572079 31.25992467052265 53.43274987222068
-10.29509622995326 52.709766470324524 78.18404615398867
-29.001835917100863 11.34785198397823 34.641021870627156
-99.12504770869148 85.77277627554457 54.53352873519876
55.979429549455915 90.06254809372618 -62.1006341577977
-42.60531614205056 -80.8331420731363 11.366254082743538
-27.15121224251149 -22.291501734145953 -78.20460569852568
31.86571260753837 56.166602757210825 -83.99604307848927
18.981900596598507 -37.02219508160483 77.48384287103283
-66.29172148879574 -27.427233333827616 70.52682252045454
-34.733111342572926 -55.07403677366658 -89.2250598319848
-7.872771890661284 20.25251494475171 -14.302299908021652
-86.33089739892665 28.146674731534603 11.413640563073372
31.895785577240304 26.359247684463625 -29.505133480992512
50.510345699776394 -39.17226974607209 88.68851521149773
-91.7831839861291 30.11852148664937 -74.41791106636248 2.983114917774742
-44.8538309699608 14.48528558057076 -44.92653552183021 33.32570980679688
-52.18733465310748 51.34514948698285 -44.92511238740573
-27.394796235697044 -43.160316093012256 29.260000053536373
-39.131331667265634 49.78111951785408 68.62911484812545 86.3878978621442
-55.73121102944707 -91.19041232800828 -70.69228674438712
-38.013866469844906 35.51426956793446 -84.69589796226657
-16.89844668166485 29.11537336233087 2.9456287011778954
-72.39003448323724 22.521857880893464 -72.28599994482431
-93.65057181012799 66.3714220003688 -35.443867225519156
-27.63150776619466 88.25757537164935 -82.65214480595765
-79.09018783206372 37.493302961641405 -0.958504645366105
15.423426461651403 -26.172459565257753 24.169301440896746
-82.43638950738092 49.089067601635406 10.02592663519333
40.46644708640579 59.29761655927058 -72.95862493653473 92.92336138295022
38.84871548570294 -48.66936746892239 -59.19881998288821
-22.135601704264033 -78.2550616977043 -4.630750446674867
-38.71812287685583 11.268086393424582 -95.94768297285552
-37.592114793603585 -2.6851490193760696 51.56851921018949
56.03078120470394 85.93109905598251 -80.19566229065202
-57.32536423282215 11.721270562038711 -2.237537620168297
12.65786069074079 -98.84385641957705 11.224732468744065
-10.722386584897265 -10.762439257177391 -64.52956329130173
-15.914987835455577 -90.70585186931616 49.981426995956326
-8.505613867296532 58.54916072309993 -28.855409862252145
-39.19254799382248 49.30770185612573 35.062119594637096
52.38030385365346 -57.894858843859986 -74.06998391963877
-80.9819656617539 -32.505008534745556 -52.76726553582658
7.17604719939915 -64.29331852020306 2.5713582325211632 40.61794185072614
-26.025803651819786 65.05781335367959 -32.88410277509992
51.828674089837534 -80.90227632626622 -36.11396482403308
-31.822992475957122 82.87213887268797 -43.11981197246697
-37.910213047990204 -75.9248294037773 -12.485971654998778
-70.0488889049449 -24.465644978833055 86.23074723623455
-13.100152750200863 87.08199141043343 43.638934684656306
-43.490029760435235 60.788881642312845 56.35584921538944
-92.87488887234173 25.32268229615498 14.134995110685878
30.210026370121653 0.6956394576980784 -11.410838504059171
-41.68267793082383 75.5404487907598 -86.22810185884691
12.424574918556488 2.4276670641778253 -38.15036089471149
-56.366057606473376 10.698303569500439 -88.07863124312101
-78.38817003689994 46.398151961807486 -59.11101197796733
-82.93781563531688 -3.961750335886393 -3.3745164340168543
-30.328195247571088 -86.46394296891222 -67.47452945914272
-41.09015174649866 -57.879478287032924 85.37422584559496
-43.541543672241815 -98.75294449819575 47.69422444710631
-77.18189300313716 -13.903359120804623 -42.17115571196579
84.71196263063933 24.5947089057551 -16.23732449752633 -84.80364800041318
75.79239659654871 7.352556923683949 4.0008838010196826 34.11881104555917
-4.363493809950143 18.32886574004621 75.28789724357128 9.316964293332262
-54.11901753377628 -3.851493384343186 -73.453123298137
-96.60337217658994 -20.024903111264962 -38.99706767471307
9.686902360446098 -46.33189835515077 68.86723678216276
0.4603960223073642 -79.32811157444648 65.43612197780652
-34.29705166298855 99.61087719688922 94.41241998659711 8.089886118817404
41.80943559950302 55.06792266136728 -82.7797602508976 69.95535200369241
-95.3384457328486 55.0721896068425 39.86389368266521 48.93790987192844
36.169605978406196 -85.0297475018286 70.91340759957285
-83.78500477976117 24.846409168543843 47.77766844146933
-26.92907295538336 47.786726731716016 10.972382359343385
-26.26555491681968 -48.510802783134935 -30.19040738603165
-99.62922596491643 -51.26602149413046 80.79444036159805
-39.12702546011546 -72.60778953125666 37.44940922087906
16.880225070289228 -70.67343741757637 79.46823697406464
-89.68697980226594 -92.45265738516683 87.89795557374256
-92.58586455489876 94.79630733713756 59.82072754935791
35.007621725328505 -67.53270163481719 -38.66988353968075
-44.92574674603325 86.02592142505986 90.87246418815192 77.34878777727147
45.42204001257454 51.3390177852952 -9.164451134441848
-37.340286588704544 6.873863855493667 -89.4041094703047
56.63104084122233 94.3837601503954 -90.63348320180293 -68.50536613241843
24.474501724406437 -25.232547685687052 86.0547205559788
-55.34111636859382 -38.90861556741956 -66.17762581439891
85.0179002104176 53.70095842597061 47.414444332571236 83.99329205812256
-96.76114863899753 -92.77203366265366 -84.54366718975376
-8.107254829107987 -66.74133775998925 -62.518252915599334
-27.971188909106928 71.53221481409045 88.76411888428322
16.69981089403214 34.60421448267624 -60.98987752148757 -72.1316260888608
20.24718736764474 1.488221254314766 59.70860112605655 73.32440256489448
-45.069468294391754 -93.85595049572385 -4.799228929995451
2.046123463638267 -81.69148693005886 55.003719865736116
67.83905753045346 48.6252437921695 -64.4552963840503 40.577821064702306
80.87885120678072 -86.75841909409033 33.35177974641016 79.20404078238943
23.40683508984236 -79.0978884745587 -81.09928584981334 84.83774063294342
22.621669146611694 82.15294021228601 -25.902445411284475
-23.320951215134713 -6.453071057339471 -79.20846759619866
-27.297251496927032 -87.94104360738883 58.16443104592264
-42.44425024998988 -93.09396746907687 56.83750478541424
38.82305506544512 22.729110150862226 -37.211896590144875
-27.37149063627801 -73.22400977739763 -47.08697280722311
-18.518280980091788 -15.389006138987554 13.589153363740664
-75.02192556549494 -76.48312138764881 -26.454038847849986
-79.69144272107815 71.95703200213052 39.15239942511366
-18.469847652726017 -57.72800007311618 78.86999627826458
-1.280122838167756 -18.98006163534984 36.87013841150514
-0.42090592072653976 25.688779318847736 55.25116050055013
-0.6953885154705546 82.49189410566058 -23.412477241202367
42.676379288948795 -25.208066999671416 81.50036501857724
10.2174842142323 -0.3986796750459263 8.59169827563207 44.853051952858834
-99.95465212750301 27.3125971447773 -76.08469580342936
-41.37828403772814 -40.301302979722784 94.03378239726436
